1 1
2 0
3 7
4 0
5 13
6 0
7 19
8 0
9 37
10 0
11 31
12 0
13 37
14 0
15 43
16 0
17 49
18 0
19 67
20 0
21 61
22 0
23 67
24 0
25 73
26 0
27 79
28 0
29 97
30 0
31 91
32 0
33 97
34 0
35 103
36 0
37 109
38 0
39 127
40 0
41 121
42 0
43 127
44 0
45 133
46 0
47 139
48 0
49 157
50 0
51 151
52 0
53 157
54 0
55 163
56 0
57 169
58 0
59 187
60 0
61 181
62 0
63 187
64 0
65 193
66 0
67 199
68 0
69 217
70 0
71 211
72 0
73 217
74 0
75 223
76 0
77 229
78 0
79 247
80 0
81 241
82 0
83 247
84 0
85 253
86 0
87 259
88 0
89 277
90 0
91 271
92 0
93 277
94 0
95 283
96 0
97 289
98 0
99 307
100 0
101 301
102 0
103 307
104 0
105 313
106 0
107 319
108 0
109 337
110 0
111 331
112 0
113 337
114 0
115 343
116 0
117 349
118 0
119 367
120 0
121 361
122 0
123 367
124 0
125 373
126 0
127 379
128 0
129 397
130 0
131 391
132 0
133 397
134 0
135 403
136 0
137 409
138 0
139 427
140 0
141 421
142 0
143 427
144 0
145 433
146 0
147 439
148 0
149 457
150 0
151 451
152 0
153 457
154 0
155 463
156 0
157 469
158 0
159 487
160 0
161 481
162 0
163 487
164 0
165 493
166 0
167 499
168 0
169 517
170 0
171 511
172 0
173 517
174 0
175 523
176 0
177 529
178 0
179 547
180 0
181 541
182 0
183 547
184 0
185 553
186 0
187 559
188 0
189 577
190 0
191 571
192 0
193 577
194 0
195 583
196 0
197 589
198 0
199 607
200 0
